[
    [
        0.9972216634091394,
        6.804962025902744e-19,
        -0.07449130169025865,
        0.0,
        6.804962025902744e-19,
        1.0,
        1.8245106835859015e-17,
        0.0,
        0.07449130169025865,
        -1.8245106835859015e-17,
        0.9972216634091394,
        0.0,
        9.315728815211235e-05,
        -2.2816954950546408e-20,
        0.002497684290381791,
        1.0
    ],
    [
        0.9889020919449817,
        2.7182035153619604e-18,
        -0.14856867956214354,
        0.0,
        2.7182035153619604e-18,
        1.0,
        3.6388831575865577e-17,
        0.0,
        0.14856867956214354,
        -3.6388831575865577e-17,
        0.9889020919449817,
        0.0,
        0.0003721115080037008,
        -9.114103344052538e-20,
        0.004981489765450811,
        1.0
    ],
    [
        0.9750875147471654,
        6.101799064737913e-18,
        -0.22182050983666174,
        0.0,
        6.101799064737913e-18,
        1.0,
        5.433035547134036e-17,
        0.0,
        0.22182050983666174,
        -5.433035547134036e-17,
        0.9750875147471654,
        0.0,
        0.0008353126021223784,
        -2.0459258089532344e-19,
        0.00743761472993513,
        1.0
    ],
    [
        0.9558546949063222,
        1.081248131607116e-17,
        -0.2938397560330148,
        0.0,
        1.081248131607116e-17,
        1.0,
        7.196998333761415e-17,
        0.0,
        0.2938397560330148,
        -7.196998333761415e-17,
        0.9558546949063222,
        0.0,
        0.0014801867134107175,
        -3.6254118414377516e-19,
        0.009852411300113648,
        1.0
    ],
    [
        0.9313105029166707,
        1.682407454762813e-17,
        -0.36422623073729576,
        0.0,
        1.682407454762813e-17,
        1.0,
        8.920969752758691e-17,
        0.0,
        0.36422623073729576,
        -8.920969752758691e-17,
        0.9313105029166707,
        0.0,
        0.002303150487188938,
        -5.641091744181201e-19,
        0.012212461240645536,
        1.0
    ],
    [
        0.9015913228316069,
        2.410317430051956e-17,
        -0.4325888193131593,
        0.0,
        2.410317430051956e-17,
        1.0,
        1.0595370258375865e-16,
        0.0,
        0.4325888193131593,
        -1.0595370258375865e-16,
        0.9015913228316069,
        0.0,
        0.003299630982725751,
        -8.081765042725055e-19,
        0.014504650525318711,
        1.0
    ],
    [
        0.8668622944220921,
        3.2609332996361535e-17,
        -0.498547653198033,
        0.0,
        3.2609332996361535e-17,
        1.0,
        1.2210895754227916e-16,
        0.0,
        0.498547653198033,
        -1.2210895754227916e-16,
        0.8668622944220921,
        0.0,
        0.004464091083575507,
        -1.093386971320597e-18,
        0.016716242207407618,
        1.0
    ],
    [
        0.8273163955489167,
        4.229528469124936e-17,
        -0.561736220708571,
        0.0,
        4.229528469124936e-17,
        1.0,
        1.3758569293117653e-16,
        0.0,
        0.561736220708571,
        -1.3758569293117653e-16,
        0.8273163955489167,
        0.0,
        0.0057900602655246245,
        -1.418155754209001e-18,
        0.01883494719472346,
        1.0
    ],
    [
        0.7831733698477963,
        5.3107207717160655e-17,
        -0.6218034036262964,
        0.0,
        5.3107207717160655e-17,
        1.0,
        1.5229790958997472e-16,
        0.0,
        0.6218034036262964,
        -1.5229790958997472e-16,
        0.7831733698477963,
        0.0,
        0.0072701705511799795,
        -1.780678218951582e-18,
        0.020848992536083247,
        1.0
    ],
    [
        0.7346785056858044,
        6.498502375137446e-17,
        -0.6784154282467885,
        0.0,
        6.498502375137446e-17,
        1.0,
        1.6616385653892207e-16,
        0.0,
        0.6784154282467885,
        -1.6616385653892207e-16,
        0.7346785056858044,
        0.0,
        0.008896197451411283,
        -2.1789399466907334e-18,
        0.02274718683975188,
        1.0
    ]
]